1 Q0 1262 1 2.5056326 
1 Q0 1318 2 2.4604313 
1 Q0 1285 3 2.4464626 
1 Q0 288 4 2.2452478 
1 Q0 286 5 2.2154396 
1 Q0 1029 6 2.0615008 
1 Q0 233 7 2.012536 
1 Q0 425 8 1.9640514 
1 Q0 299 9 1.8753992 
1 Q0 97 10 1.8037326 
1 Q0 370 11 1.8037326 
1 Q0 1142 12 1.8037326 
1 Q0 1266 13 1.7564754 
1 Q0 1307 14 1.7564754 
1 Q0 1364 15 1.7201164 
1 Q0 1112 16 1.6654944 
1 Q0 278 17 1.3336306 
2 Q0 1064 1 1.5269927 
2 Q0 174 2 1.5262716 
2 Q0 1424 3 1.4966434 
2 Q0 218 4 1.4922872 
2 Q0 1206 5 1.4409275 
2 Q0 1328 6 1.4184874 
2 Q0 1013 7 1.4149584 
2 Q0 1436 8 1.4090171 
2 Q0 66 9 1.4043496 
2 Q0 1399 10 1.4039884 
2 Q0 498 11 1.401315 
2 Q0 179 12 1.4009426 
2 Q0 1444 13 1.3864 
2 Q0 47 14 1.3650497 
2 Q0 1463 15 1.3251793 
2 Q0 27 16 1.2672329 
2 Q0 1175 17 1.2643445 
2 Q0 1284 18 1.2532152 
2 Q0 219 19 1.2396123 
2 Q0 358 20 1.2388657 
2 Q0 273 21 1.2288004 
2 Q0 171 22 1.2214462 
2 Q0 436 23 1.2161745 
2 Q0 1375 24 1.2148504 
2 Q0 52 25 1.2147566 
2 Q0 1062 26 1.2113588 
2 Q0 422 27 1.1987377 
2 Q0 1239 28 1.1980355 
2 Q0 1124 29 1.1944255 
2 Q0 1154 30 1.1937946 
2 Q0 229 31 1.1801505 
2 Q0 444 32 1.1787546 
2 Q0 1130 33 1.1780406 
2 Q0 1447 34 1.1720141 
2 Q0 95 35 1.1648074 
2 Q0 1480 36 1.1604663 
2 Q0 68 37 1.1601009 
2 Q0 1112 38 1.1601009 
2 Q0 137 39 1.1501207 
2 Q0 175 40 1.1477145 
2 Q0 348 41 1.1366814 
2 Q0 392 42 1.1278236 
2 Q0 1251 43 1.1239803 
2 Q0 86 44 1.1215473 
2 Q0 14 45 1.1095011 
2 Q0 167 46 1.1041368 
2 Q0 324 47 1.1030759 
2 Q0 1139 48 1.102862 
2 Q0 75 49 1.0977383 
2 Q0 159 50 1.091272 
3 Q0 187 1 3.9633007 
3 Q0 1479 2 3.6865969 
3 Q0 1423 3 3.4036312 
3 Q0 1465 4 3.3510933 
3 Q0 429 5 3.2463193 
3 Q0 1405 6 3.188813 
3 Q0 1285 7 2.9858832 
3 Q0 1291 8 2.973013 
3 Q0 386 9 2.9177012 
3 Q0 286 10 2.892298 
3 Q0 358 11 2.710481 
3 Q0 287 12 2.5948715 
3 Q0 434 13 2.5048938 
3 Q0 1365 14 2.037591 
3 Q0 405 15 2.0180192 
3 Q0 1385 16 2.0180192 
3 Q0 316 17 1.932109 
3 Q0 348 18 1.932109 
3 Q0 1408 19 1.8617196 
3 Q0 387 20 1.8335898 
3 Q0 1347 21 1.8275809 
3 Q0 200 22 1.7144443 
3 Q0 439 23 1.6888944 
3 Q0 363 24 1.6803839 
3 Q0 1279 25 1.5478771 
3 Q0 1024 26 1.500917 
3 Q0 1179 27 1.4682335 
3 Q0 357 28 1.457401 
3 Q0 276 29 1.4268073 
3 Q0 441 30 1.4181904 
3 Q0 1281 31 1.4136004 
3 Q0 450 32 1.3972398 
3 Q0 490 33 1.3781998 
3 Q0 1443 34 1.3709286 
3 Q0 489 35 1.3512366 
3 Q0 1331 36 1.3416351 
3 Q0 361 37 1.2966887 
3 Q0 395 38 1.2902865 
3 Q0 408 39 1.2606936 
3 Q0 1415 40 1.2606936 
3 Q0 406 41 1.2440217 
3 Q0 1003 42 1.2440217 
3 Q0 1216 43 1.2440217 
3 Q0 1413 44 1.2440217 
3 Q0 338 45 1.2276394 
3 Q0 256 46 1.1985428 
3 Q0 1312 47 1.1985428 
3 Q0 1406 48 1.1985428 
3 Q0 1498 49 1.1965511 
3 Q0 183 50 1.1815226 
4 Q0 1064 1 1.5269927 
4 Q0 174 2 1.5262716 
4 Q0 1424 3 1.4966434 
4 Q0 218 4 1.4922872 
4 Q0 1206 5 1.4409275 
4 Q0 1328 6 1.4184874 
4 Q0 1013 7 1.4149584 
4 Q0 1436 8 1.4090171 
4 Q0 66 9 1.4043496 
4 Q0 1399 10 1.4039884 
4 Q0 498 11 1.401315 
4 Q0 179 12 1.4009426 
4 Q0 1444 13 1.3864 
4 Q0 47 14 1.3650497 
4 Q0 1463 15 1.3251793 
4 Q0 27 16 1.2672329 
4 Q0 1175 17 1.2643445 
4 Q0 1284 18 1.2532152 
4 Q0 219 19 1.2396123 
4 Q0 358 20 1.2388657 
4 Q0 273 21 1.2288004 
4 Q0 171 22 1.2214462 
4 Q0 436 23 1.2161745 
4 Q0 1375 24 1.2148504 
4 Q0 52 25 1.2147566 
4 Q0 1062 26 1.2113588 
4 Q0 422 27 1.1987377 
4 Q0 1239 28 1.1980355 
4 Q0 1124 29 1.1944255 
4 Q0 1154 30 1.1937946 
4 Q0 229 31 1.1801505 
4 Q0 444 32 1.1787546 
4 Q0 1130 33 1.1780406 
4 Q0 1447 34 1.1720141 
4 Q0 95 35 1.1648074 
4 Q0 1480 36 1.1604663 
4 Q0 68 37 1.1601009 
4 Q0 1112 38 1.1601009 
4 Q0 137 39 1.1501207 
4 Q0 175 40 1.1477145 
4 Q0 348 41 1.1366814 
4 Q0 392 42 1.1278236 
4 Q0 1251 43 1.1239803 
4 Q0 86 44 1.1215473 
4 Q0 14 45 1.1095011 
4 Q0 167 46 1.1041368 
4 Q0 324 47 1.1030759 
4 Q0 1139 48 1.102862 
4 Q0 75 49 1.0977383 
4 Q0 159 50 1.091272 
5 Q0 434 1 2.15762 
5 Q0 265 2 2.1493554 
5 Q0 1497 3 2.0854304 
5 Q0 1089 4 2.0361445 
5 Q0 388 5 2.0179026 
5 Q0 371 6 1.9952092 
5 Q0 1433 7 1.9598815 
5 Q0 42 8 1.9567566 
5 Q0 8 9 1.9493749 
5 Q0 1122 10 1.9048879 
5 Q0 1161 11 1.904351 
5 Q0 1264 12 1.7389015 
5 Q0 284 13 1.727356 
5 Q0 263 14 1.6475911 
5 Q0 1402 15 1.5857241 
5 Q0 328 16 1.5283391 
5 Q0 138 17 1.525035 
5 Q0 281 18 1.5171084 
5 Q0 351 19 1.5171084 
5 Q0 1275 20 1.5171084 
5 Q0 312 21 1.5084639 
5 Q0 107 22 1.4501415 
5 Q0 122 23 1.4501415 
5 Q0 244 24 1.4501415 
5 Q0 1097 25 1.4368709 
5 Q0 1376 26 1.4161664 
5 Q0 193 27 1.3787657 
5 Q0 1205 28 1.3787657 
5 Q0 1158 29 1.3140862 
5 Q0 1154 30 1.2994217 
5 Q0 1330 31 1.2994217 
5 Q0 242 32 1.2552032 
5 Q0 78 33 1.2401081 
5 Q0 239 34 1.2401081 
5 Q0 1226 35 1.2401081 
5 Q0 1188 36 1.2013711 
5 Q0 1241 37 1.2013711 
5 Q0 1304 38 1.2013711 
5 Q0 391 39 1.185973 
5 Q0 1251 40 1.185973 
5 Q0 146 41 1.1519663 
5 Q0 1306 42 1.1363667 
5 Q0 1344 43 1.1064645 
5 Q0 155 44 1.0907435 
5 Q0 442 45 1.0907435 
5 Q0 1382 46 1.0907435 
5 Q0 1023 47 1.0476822 
5 Q0 313 48 1.0096705 
5 Q0 500 49 1.0096705 
5 Q0 423 50 0.98924166 
6 Q0 1469 1 1.9857025 
6 Q0 1001 2 1.878329 
6 Q0 396 3 1.8024534 
6 Q0 1464 4 1.7923213 
6 Q0 205 5 1.7773379 
6 Q0 252 6 1.7302892 
6 Q0 1015 7 1.6997722 
6 Q0 361 8 1.6759658 
6 Q0 402 9 1.670131 
6 Q0 1485 10 1.6508173 
6 Q0 49 11 1.6452302 
6 Q0 1381 12 1.6437056 
6 Q0 322 13 1.6412634 
6 Q0 1412 14 1.6297392 
6 Q0 458 15 1.628975 
6 Q0 232 16 1.6040149 
6 Q0 295 17 1.5683217 
6 Q0 58 18 1.5649118 
6 Q0 360 19 1.564799 
6 Q0 331 20 1.5559547 
6 Q0 1392 21 1.5452983 
6 Q0 455 22 1.5379567 
6 Q0 381 23 1.5228899 
6 Q0 1065 24 1.5117435 
6 Q0 365 25 1.5076803 
6 Q0 334 26 1.4942925 
6 Q0 1072 27 1.4898984 
6 Q0 1228 28 1.4575679 
6 Q0 288 29 1.4513513 
6 Q0 169 30 1.4340217 
6 Q0 1176 31 1.4283847 
6 Q0 1034 32 1.4157159 
6 Q0 475 33 1.4039427 
6 Q0 203 34 1.3987404 
6 Q0 1378 35 1.3956349 
6 Q0 473 36 1.3922422 
6 Q0 1007 37 1.3351786 
6 Q0 1092 38 1.3195645 
6 Q0 285 39 1.31379 
6 Q0 36 40 1.312592 
6 Q0 1376 41 1.30134 
6 Q0 1307 42 1.3001322 
6 Q0 304 43 1.2942736 
6 Q0 1100 44 1.2773141 
6 Q0 427 45 1.2735066 
6 Q0 6 46 1.2554377 
6 Q0 181 47 1.2554377 
6 Q0 1082 48 1.2554377 
6 Q0 122 49 1.2539203 
6 Q0 1332 50 1.2539203 
7 Q0 1064 1 1.5269927 
7 Q0 174 2 1.5262716 
7 Q0 1424 3 1.4966434 
7 Q0 218 4 1.4922872 
7 Q0 1206 5 1.4409275 
7 Q0 1328 6 1.4184874 
7 Q0 1013 7 1.4149584 
7 Q0 1436 8 1.4090171 
7 Q0 66 9 1.4043496 
7 Q0 1399 10 1.4039884 
7 Q0 498 11 1.401315 
7 Q0 179 12 1.4009426 
7 Q0 1444 13 1.3864 
7 Q0 47 14 1.3650497 
7 Q0 1463 15 1.3251793 
7 Q0 27 16 1.2672329 
7 Q0 1175 17 1.2643445 
7 Q0 1284 18 1.2532152 
7 Q0 219 19 1.2396123 
7 Q0 358 20 1.2388657 
7 Q0 273 21 1.2288004 
7 Q0 171 22 1.2214462 
7 Q0 436 23 1.2161745 
7 Q0 1375 24 1.2148504 
7 Q0 52 25 1.2147566 
7 Q0 1062 26 1.2113588 
7 Q0 422 27 1.1987377 
7 Q0 1239 28 1.1980355 
7 Q0 1124 29 1.1944255 
7 Q0 1154 30 1.1937946 
7 Q0 229 31 1.1801505 
7 Q0 444 32 1.1787546 
7 Q0 1130 33 1.1780406 
7 Q0 1447 34 1.1720141 
7 Q0 95 35 1.1648074 
7 Q0 1480 36 1.1604663 
7 Q0 68 37 1.1601009 
7 Q0 1112 38 1.1601009 
7 Q0 137 39 1.1501207 
7 Q0 175 40 1.1477145 
7 Q0 348 41 1.1366814 
7 Q0 392 42 1.1278236 
7 Q0 1251 43 1.1239803 
7 Q0 86 44 1.1215473 
7 Q0 14 45 1.1095011 
7 Q0 167 46 1.1041368 
7 Q0 324 47 1.1030759 
7 Q0 1139 48 1.102862 
7 Q0 75 49 1.0977383 
7 Q0 159 50 1.091272 
8 Q0 24 1 4.4517145 
8 Q0 78 2 3.9873776 
8 Q0 1161 3 3.9456754 
8 Q0 32 4 3.7363029 
8 Q0 1204 5 3.347485 
8 Q0 15 6 1.8906916 
8 Q0 11 7 1.8310345 
8 Q0 1191 8 1.8182824 
8 Q0 23 9 1.7861252 
8 Q0 1239 10 1.7730156 
8 Q0 1104 11 1.707322 
8 Q0 154 12 1.5863161 
8 Q0 1021 13 1.562586 
8 Q0 1168 14 1.562586 
8 Q0 191 15 1.557247 
8 Q0 492 16 1.5185019 
8 Q0 1034 17 1.5185019 
8 Q0 1460 18 1.4816381 
8 Q0 1018 19 1.4799297 
8 Q0 1216 20 1.4799297 
8 Q0 1023 21 1.4606141 
8 Q0 1014 22 1.4472818 
8 Q0 39 23 1.4465215 
8 Q0 1235 24 1.4130311 
8 Q0 1039 25 1.4055786 
8 Q0 22 26 1.3893734 
8 Q0 1029 27 1.3881438 
8 Q0 1115 28 1.3545399 
8 Q0 1259 29 1.3545399 
8 Q0 264 30 1.3504966 
8 Q0 5 31 1.2932627 
8 Q0 1185 32 1.2932627 
8 Q0 1249 33 1.2932627 
8 Q0 125 34 1.2919879 
8 Q0 165 35 1.2664272 
8 Q0 230 36 1.2664272 
8 Q0 357 37 1.2628294 
8 Q0 79 38 1.234958 
8 Q0 242 39 1.234958 
8 Q0 295 40 1.2159638 
8 Q0 33 41 1.1693681 
8 Q0 202 42 1.1693681 
8 Q0 88 43 1.1262119 
8 Q0 1074 44 1.1262119 
8 Q0 41 45 1.1122212 
8 Q0 43 46 1.1122212 
8 Q0 51 47 1.1122212 
8 Q0 1195 48 1.0861274 
8 Q0 102 49 1.0696964 
8 Q0 1319 50 1.0696964 
9 Q0 237 1 2.5364122 
9 Q0 115 2 2.4069772 
9 Q0 483 3 2.1690054 
9 Q0 1470 4 2.0056581 
9 Q0 1269 5 1.957468 
9 Q0 434 6 1.9571058 
9 Q0 35 7 1.9108485 
9 Q0 160 8 1.824598 
9 Q0 1157 9 1.824598 
9 Q0 1112 10 1.8074477 
9 Q0 314 11 1.7457974 
9 Q0 1349 12 1.7457974 
9 Q0 1062 13 1.4886334 
10 Q0 1023 1 1.7932513 
10 Q0 1259 2 1.7483892 
10 Q0 1451 3 1.7402587 
10 Q0 1277 4 1.7287629 
10 Q0 1216 5 1.7264268 
10 Q0 394 6 1.7065341 
10 Q0 335 7 1.6975279 
10 Q0 240 8 1.695957 
10 Q0 403 9 1.6882973 
10 Q0 46 10 1.6821506 
10 Q0 1193 11 1.6617699 
10 Q0 282 12 1.6568186 
10 Q0 1497 13 1.6489784 
10 Q0 1429 14 1.641882 
10 Q0 1231 15 1.6407063 
10 Q0 227 16 1.6394236 
10 Q0 1500 17 1.6335894 
10 Q0 156 18 1.6102574 
10 Q0 1244 19 1.6053185 
10 Q0 258 20 1.5897193 
10 Q0 1399 21 1.5867655 
10 Q0 1239 22 1.58424 
10 Q0 1275 23 1.5831642 
10 Q0 236 24 1.572686 
10 Q0 253 25 1.5544248 
10 Q0 1442 26 1.5487497 
10 Q0 281 27 1.54215 
10 Q0 1091 28 1.5399549 
10 Q0 1143 29 1.5356281 
10 Q0 1082 30 1.5346556 
10 Q0 1296 31 1.5340528 
10 Q0 303 32 1.5208375 
10 Q0 385 33 1.5184338 
10 Q0 255 34 1.5177993 
10 Q0 1141 35 1.5141401 
10 Q0 1240 36 1.5102907 
10 Q0 264 37 1.5034821 
10 Q0 245 38 1.4921728 
10 Q0 1270 39 1.4921728 
10 Q0 235 40 1.4687574 
10 Q0 1236 41 1.4660633 
10 Q0 246 42 1.4648204 
10 Q0 430 43 1.4625375 
10 Q0 1164 44 1.4591376 
10 Q0 232 45 1.456321 
10 Q0 1413 46 1.4562576 
10 Q0 252 47 1.4550471 
10 Q0 166 48 1.453006 
10 Q0 1251 49 1.4523218 
10 Q0 1211 50 1.4519508 
11 Q0 373 1 2.8025587 
11 Q0 1446 2 2.551954 
11 Q0 1470 3 2.3829064 
11 Q0 1325 4 2.1985714 
11 Q0 1404 5 2.0730782 
11 Q0 76 6 1.8930074 
11 Q0 1276 7 1.8765901 
11 Q0 1006 8 1.7932916 
11 Q0 133 9 1.7608622 
11 Q0 1019 10 1.6967902 
11 Q0 451 11 1.6783408 
11 Q0 363 12 1.5548451 
11 Q0 1239 13 1.5532618 
11 Q0 1018 14 1.4866467 
11 Q0 1078 15 1.4866467 
11 Q0 308 16 1.4356798 
11 Q0 1416 17 1.4255103 
11 Q0 223 18 1.3814917 
11 Q0 394 19 1.3692037 
11 Q0 1072 20 1.2859122 
11 Q0 143 21 1.2429161 
11 Q0 226 22 1.1823897 
11 Q0 54 23 1.1433887 
11 Q0 237 24 1.1296066 
11 Q0 1274 25 1.0726278 
11 Q0 79 26 1.0404332 
11 Q0 1044 27 0.90869814 
11 Q0 480 28 0.85978866 
11 Q0 1069 29 0.82738245 
11 Q0 1024 30 0.7927948 
11 Q0 1023 31 0.7801244 
11 Q0 1139 32 0.75812984 
11 Q0 452 33 0.7501991 
11 Q0 350 34 0.72782993 
11 Q0 1101 35 0.72542596 
11 Q0 1157 36 0.7249171 
11 Q0 114 37 0.7164667 
11 Q0 418 38 0.7164667 
11 Q0 60 39 0.70739245 
11 Q0 1034 40 0.70739245 
11 Q0 1418 41 0.70739245 
11 Q0 1450 42 0.70739245 
11 Q0 398 43 0.70502067 
11 Q0 1015 44 0.7002858 
11 Q0 27 45 0.6998591 
11 Q0 1452 46 0.69586015 
11 Q0 260 47 0.692265 
11 Q0 1456 48 0.68469775 
11 Q0 1039 49 0.6823763 
11 Q0 1341 50 0.677612 
12 Q0 1469 1 1.9857025 
12 Q0 1001 2 1.878329 
12 Q0 396 3 1.8024534 
12 Q0 1464 4 1.7923213 
12 Q0 205 5 1.7773379 
12 Q0 252 6 1.7302892 
12 Q0 1015 7 1.6997722 
12 Q0 361 8 1.6759658 
12 Q0 402 9 1.670131 
12 Q0 1485 10 1.6508173 
12 Q0 49 11 1.6452302 
12 Q0 1381 12 1.6437056 
12 Q0 322 13 1.6412634 
12 Q0 1412 14 1.6297392 
12 Q0 458 15 1.628975 
12 Q0 232 16 1.6040149 
12 Q0 295 17 1.5683217 
12 Q0 58 18 1.5649118 
12 Q0 360 19 1.564799 
12 Q0 331 20 1.5559547 
12 Q0 1392 21 1.5452983 
12 Q0 455 22 1.5379567 
12 Q0 381 23 1.5228899 
12 Q0 1065 24 1.5117435 
12 Q0 365 25 1.5076803 
12 Q0 334 26 1.4942925 
12 Q0 1072 27 1.4898984 
12 Q0 1228 28 1.4575679 
12 Q0 288 29 1.4513513 
12 Q0 169 30 1.4340217 
12 Q0 1176 31 1.4283847 
12 Q0 1034 32 1.4157159 
12 Q0 475 33 1.4039427 
12 Q0 203 34 1.3987404 
12 Q0 1378 35 1.3956349 
12 Q0 473 36 1.3922422 
12 Q0 1007 37 1.3351786 
12 Q0 1092 38 1.3195645 
12 Q0 285 39 1.31379 
12 Q0 36 40 1.312592 
12 Q0 1376 41 1.30134 
12 Q0 1307 42 1.3001322 
12 Q0 304 43 1.2942736 
12 Q0 1100 44 1.2773141 
12 Q0 427 45 1.2735066 
12 Q0 6 46 1.2554377 
12 Q0 181 47 1.2554377 
12 Q0 1082 48 1.2554377 
12 Q0 122 49 1.2539203 
12 Q0 1332 50 1.2539203 
13 Q0 209 1 1.2883801 
13 Q0 332 2 1.2770821 
13 Q0 275 3 1.2369515 
13 Q0 1213 4 1.2325073 
13 Q0 76 5 1.2144399 
13 Q0 1021 6 1.2096715 
13 Q0 27 7 1.1986628 
13 Q0 255 8 1.1947583 
13 Q0 1061 9 1.1920176 
13 Q0 1207 10 1.167396 
13 Q0 1063 11 1.1656241 
13 Q0 166 12 1.1513956 
13 Q0 199 13 1.1444029 
13 Q0 1221 14 1.1397123 
13 Q0 223 15 1.1118946 
13 Q0 323 16 1.1097711 
13 Q0 1363 17 1.1065695 
13 Q0 12 18 1.1019366 
13 Q0 1325 19 1.0985307 
13 Q0 1326 20 1.0978236 
13 Q0 462 21 1.0939115 
13 Q0 271 22 1.0889394 
13 Q0 1305 23 1.0889114 
13 Q0 1179 24 1.0795772 
13 Q0 240 25 1.0769664 
13 Q0 170 26 1.0763999 
13 Q0 1187 27 1.0728651 
13 Q0 1087 28 1.0635381 
13 Q0 1427 29 1.063276 
13 Q0 1317 30 1.0549934 
13 Q0 1423 31 1.0525299 
13 Q0 1333 32 1.0461873 
13 Q0 1386 33 1.042739 
13 Q0 152 34 1.0361739 
13 Q0 1170 35 1.0313289 
13 Q0 1229 36 1.0305893 
13 Q0 1335 37 1.0283687 
13 Q0 460 38 1.0271164 
13 Q0 1128 39 1.0242552 
13 Q0 1281 40 1.0241237 
13 Q0 1140 41 1.0189478 
13 Q0 1185 42 1.0143311 
13 Q0 1385 43 1.0091629 
13 Q0 392 44 1.0077568 
13 Q0 1131 45 1.0060399 
13 Q0 301 46 1.0044158 
13 Q0 1392 47 1.0021421 
13 Q0 1165 48 0.9989299 
13 Q0 1452 49 0.9978386 
13 Q0 49 50 0.99751323 
14 Q0 141 1 2.521407 
15 Q0 402 1 2.0526824 
15 Q0 266 2 1.9246359 
15 Q0 1097 3 1.8790197 
15 Q0 1126 4 1.7163062 
15 Q0 499 5 1.6799377 
15 Q0 220 6 1.6766819 
15 Q0 1392 7 1.6766819 
15 Q0 200 8 1.6450785 
15 Q0 1272 9 1.6450785 
15 Q0 125 10 1.6379677 
15 Q0 240 11 1.6010009 
15 Q0 317 12 1.5189997 
15 Q0 1375 13 1.4994774 
15 Q0 1351 14 1.4108707 
15 Q0 154 15 1.4100616 
15 Q0 1287 16 1.4100616 
15 Q0 1329 17 1.4100616 
15 Q0 1382 18 1.3623806 
15 Q0 203 19 1.3062074 
15 Q0 1360 20 1.3062074 
15 Q0 1412 21 1.2598133 
15 Q0 278 22 1.1385008 
15 Q0 236 23 1.1030937 
15 Q0 1398 24 1.1030937 
16 Q0 316 1 2.8264084 
16 Q0 1133 2 2.5612288 
16 Q0 1026 3 2.4467812 
17 Q0 221 1 4.240987 
17 Q0 1194 2 3.1603675 
17 Q0 1027 3 3.0812693 
17 Q0 1090 4 3.0025773 
17 Q0 188 5 2.3196998 
17 Q0 232 6 2.2055242 
17 Q0 1218 7 2.0078692 
17 Q0 32 8 1.9217572 
17 Q0 98 9 1.9214988 
17 Q0 246 10 1.9214988 
17 Q0 493 11 1.9214988 
17 Q0 28 12 1.9212868 
17 Q0 26 13 1.8337897 
17 Q0 1232 14 1.8337897 
17 Q0 1069 15 1.777191 
17 Q0 1136 16 1.7407281 
17 Q0 171 17 1.7016927 
17 Q0 1211 18 1.6620096 
17 Q0 29 19 1.6241997 
17 Q0 1147 20 1.6129193 
17 Q0 1062 21 1.6120132 
17 Q0 1143 22 1.5891743 
17 Q0 1439 23 1.5891743 
17 Q0 18 24 1.523226 
17 Q0 1214 25 1.523226 
17 Q0 267 26 1.5093348 
17 Q0 1037 27 1.4626075 
17 Q0 1220 28 1.4626075 
17 Q0 1242 29 1.4545286 
17 Q0 319 30 1.4248062 
17 Q0 273 31 1.42015 
17 Q0 1455 32 1.42015 
17 Q0 1117 33 1.3873591 
17 Q0 60 34 1.3716314 
17 Q0 160 35 1.3560482 
17 Q0 163 36 1.338333 
17 Q0 1088 37 1.338333 
17 Q0 114 38 1.3261195 
17 Q0 223 39 1.306613 
17 Q0 1108 40 1.2763618 
17 Q0 61 41 1.2700578 
17 Q0 1425 42 1.2700578 
17 Q0 471 43 1.2474797 
17 Q0 1118 44 1.2474797 
17 Q0 59 45 1.2437676 
17 Q0 99 46 1.2437676 
17 Q0 245 47 1.2437676 
17 Q0 1437 48 1.2437676 
17 Q0 110 49 1.1943226 
17 Q0 1007 50 1.1934669 
18 Q0 1064 1 1.5269927 
18 Q0 174 2 1.5262716 
18 Q0 1424 3 1.4966434 
18 Q0 218 4 1.4922872 
18 Q0 1206 5 1.4409275 
18 Q0 1328 6 1.4184874 
18 Q0 1013 7 1.4149584 
18 Q0 1436 8 1.4090171 
18 Q0 66 9 1.4043496 
18 Q0 1399 10 1.4039884 
18 Q0 498 11 1.401315 
18 Q0 179 12 1.4009426 
18 Q0 1444 13 1.3864 
18 Q0 47 14 1.3650497 
18 Q0 1463 15 1.3251793 
18 Q0 27 16 1.2672329 
18 Q0 1175 17 1.2643445 
18 Q0 1284 18 1.2532152 
18 Q0 219 19 1.2396123 
18 Q0 358 20 1.2388657 
18 Q0 273 21 1.2288004 
18 Q0 171 22 1.2214462 
18 Q0 436 23 1.2161745 
18 Q0 1375 24 1.2148504 
18 Q0 52 25 1.2147566 
18 Q0 1062 26 1.2113588 
18 Q0 422 27 1.1987377 
18 Q0 1239 28 1.1980355 
18 Q0 1124 29 1.1944255 
18 Q0 1154 30 1.1937946 
18 Q0 229 31 1.1801505 
18 Q0 444 32 1.1787546 
18 Q0 1130 33 1.1780406 
18 Q0 1447 34 1.1720141 
18 Q0 95 35 1.1648074 
18 Q0 1480 36 1.1604663 
18 Q0 68 37 1.1601009 
18 Q0 1112 38 1.1601009 
18 Q0 137 39 1.1501207 
18 Q0 175 40 1.1477145 
18 Q0 348 41 1.1366814 
18 Q0 392 42 1.1278236 
18 Q0 1251 43 1.1239803 
18 Q0 86 44 1.1215473 
18 Q0 14 45 1.1095011 
18 Q0 167 46 1.1041368 
18 Q0 324 47 1.1030759 
18 Q0 1139 48 1.102862 
18 Q0 75 49 1.0977383 
18 Q0 159 50 1.091272 
19 Q0 1023 1 1.7932513 
19 Q0 1259 2 1.7483892 
19 Q0 1451 3 1.7402587 
19 Q0 1277 4 1.7287629 
19 Q0 1216 5 1.7264268 
19 Q0 394 6 1.7065341 
19 Q0 335 7 1.6975279 
19 Q0 240 8 1.695957 
19 Q0 403 9 1.6882973 
19 Q0 46 10 1.6821506 
19 Q0 1193 11 1.6617699 
19 Q0 282 12 1.6568186 
19 Q0 1497 13 1.6489784 
19 Q0 1429 14 1.641882 
19 Q0 1231 15 1.6407063 
19 Q0 227 16 1.6394236 
19 Q0 1500 17 1.6335894 
19 Q0 156 18 1.6102574 
19 Q0 1244 19 1.6053185 
19 Q0 258 20 1.5897193 
19 Q0 1399 21 1.5867655 
19 Q0 1239 22 1.58424 
19 Q0 1275 23 1.5831642 
19 Q0 236 24 1.572686 
19 Q0 253 25 1.5544248 
19 Q0 1442 26 1.5487497 
19 Q0 281 27 1.54215 
19 Q0 1091 28 1.5399549 
19 Q0 1143 29 1.5356281 
19 Q0 1082 30 1.5346556 
19 Q0 1296 31 1.5340528 
19 Q0 303 32 1.5208375 
19 Q0 385 33 1.5184338 
19 Q0 255 34 1.5177993 
19 Q0 1141 35 1.5141401 
19 Q0 1240 36 1.5102907 
19 Q0 264 37 1.5034821 
19 Q0 245 38 1.4921728 
19 Q0 1270 39 1.4921728 
19 Q0 235 40 1.4687574 
19 Q0 1236 41 1.4660633 
19 Q0 246 42 1.4648204 
19 Q0 430 43 1.4625375 
19 Q0 1164 44 1.4591376 
19 Q0 232 45 1.456321 
19 Q0 1413 46 1.4562576 
19 Q0 252 47 1.4550471 
19 Q0 166 48 1.453006 
19 Q0 1251 49 1.4523218 
19 Q0 1211 50 1.4519508 
20 Q0 402 1 2.0526824 
20 Q0 266 2 1.9246359 
20 Q0 1097 3 1.8790197 
20 Q0 1126 4 1.7163062 
20 Q0 499 5 1.6799377 
20 Q0 220 6 1.6766819 
20 Q0 1392 7 1.6766819 
20 Q0 200 8 1.6450785 
20 Q0 1272 9 1.6450785 
20 Q0 125 10 1.6379677 
20 Q0 240 11 1.6010009 
20 Q0 317 12 1.5189997 
20 Q0 1375 13 1.4994774 
20 Q0 1351 14 1.4108707 
20 Q0 154 15 1.4100616 
20 Q0 1287 16 1.4100616 
20 Q0 1329 17 1.4100616 
20 Q0 1382 18 1.3623806 
20 Q0 203 19 1.3062074 
20 Q0 1360 20 1.3062074 
20 Q0 1412 21 1.2598133 
20 Q0 278 22 1.1385008 
20 Q0 236 23 1.1030937 
20 Q0 1398 24 1.1030937 
21 Q0 373 1 2.8025587 
21 Q0 1446 2 2.551954 
21 Q0 1470 3 2.3829064 
21 Q0 1325 4 2.1985714 
21 Q0 1404 5 2.0730782 
21 Q0 76 6 1.8930074 
21 Q0 1276 7 1.8765901 
21 Q0 1006 8 1.7932916 
21 Q0 133 9 1.7608622 
21 Q0 1019 10 1.6967902 
21 Q0 451 11 1.6783408 
21 Q0 363 12 1.5548451 
21 Q0 1239 13 1.5532618 
21 Q0 1018 14 1.4866467 
21 Q0 1078 15 1.4866467 
21 Q0 308 16 1.4356798 
21 Q0 1416 17 1.4255103 
21 Q0 223 18 1.3814917 
21 Q0 394 19 1.3692037 
21 Q0 1072 20 1.2859122 
21 Q0 143 21 1.2429161 
21 Q0 226 22 1.1823897 
21 Q0 54 23 1.1433887 
21 Q0 237 24 1.1296066 
21 Q0 1274 25 1.0726278 
21 Q0 79 26 1.0404332 
21 Q0 1044 27 0.90869814 
21 Q0 480 28 0.85978866 
21 Q0 1069 29 0.82738245 
21 Q0 1024 30 0.7927948 
21 Q0 1023 31 0.7801244 
21 Q0 1139 32 0.75812984 
21 Q0 452 33 0.7501991 
21 Q0 350 34 0.72782993 
21 Q0 1101 35 0.72542596 
21 Q0 1157 36 0.7249171 
21 Q0 114 37 0.7164667 
21 Q0 418 38 0.7164667 
21 Q0 60 39 0.70739245 
21 Q0 1034 40 0.70739245 
21 Q0 1418 41 0.70739245 
21 Q0 1450 42 0.70739245 
21 Q0 398 43 0.70502067 
21 Q0 1015 44 0.7002858 
21 Q0 27 45 0.6998591 
21 Q0 1452 46 0.69586015 
21 Q0 260 47 0.692265 
21 Q0 1456 48 0.68469775 
21 Q0 1039 49 0.6823763 
21 Q0 1341 50 0.677612 
22 Q0 1064 1 1.5269927 
22 Q0 174 2 1.5262716 
22 Q0 1424 3 1.4966434 
22 Q0 218 4 1.4922872 
22 Q0 1206 5 1.4409275 
22 Q0 1328 6 1.4184874 
22 Q0 1013 7 1.4149584 
22 Q0 1436 8 1.4090171 
22 Q0 66 9 1.4043496 
22 Q0 1399 10 1.4039884 
22 Q0 498 11 1.401315 
22 Q0 179 12 1.4009426 
22 Q0 1444 13 1.3864 
22 Q0 47 14 1.3650497 
22 Q0 1463 15 1.3251793 
22 Q0 27 16 1.2672329 
22 Q0 1175 17 1.2643445 
22 Q0 1284 18 1.2532152 
22 Q0 219 19 1.2396123 
22 Q0 358 20 1.2388657 
22 Q0 273 21 1.2288004 
22 Q0 171 22 1.2214462 
22 Q0 436 23 1.2161745 
22 Q0 1375 24 1.2148504 
22 Q0 52 25 1.2147566 
22 Q0 1062 26 1.2113588 
22 Q0 422 27 1.1987377 
22 Q0 1239 28 1.1980355 
22 Q0 1124 29 1.1944255 
22 Q0 1154 30 1.1937946 
22 Q0 229 31 1.1801505 
22 Q0 444 32 1.1787546 
22 Q0 1130 33 1.1780406 
22 Q0 1447 34 1.1720141 
22 Q0 95 35 1.1648074 
22 Q0 1480 36 1.1604663 
22 Q0 68 37 1.1601009 
22 Q0 1112 38 1.1601009 
22 Q0 137 39 1.1501207 
22 Q0 175 40 1.1477145 
22 Q0 348 41 1.1366814 
22 Q0 392 42 1.1278236 
22 Q0 1251 43 1.1239803 
22 Q0 86 44 1.1215473 
22 Q0 14 45 1.1095011 
22 Q0 167 46 1.1041368 
22 Q0 324 47 1.1030759 
22 Q0 1139 48 1.102862 
22 Q0 75 49 1.0977383 
22 Q0 159 50 1.091272 
23 Q0 1190 1 4.25323 
23 Q0 1377 2 4.191602 
23 Q0 1211 3 2.620616 
23 Q0 172 4 2.012536 
23 Q0 1454 5 1.9835483 
23 Q0 119 6 1.9669954 
23 Q0 267 7 1.933722 
23 Q0 1244 8 1.9234701 
23 Q0 8 9 1.7774498 
23 Q0 1497 10 1.7774498 
23 Q0 290 11 1.6989912 
23 Q0 1378 12 1.6989912 
23 Q0 1387 13 1.6654944 
23 Q0 323 14 1.5934839 
23 Q0 1293 15 1.5469372 
23 Q0 275 16 1.4716327 
23 Q0 1174 17 1.4084558 
23 Q0 1399 18 1.3202024 
24 Q0 382 1 4.6532583 
24 Q0 1292 2 3.8564463 
24 Q0 1498 3 2.8264084 
24 Q0 490 4 2.7089734 
24 Q0 373 5 2.5337305 
24 Q0 388 6 2.1221206 
24 Q0 1281 7 1.9846456 
24 Q0 1495 8 1.8341773 
24 Q0 1210 9 1.8268497 
25 Q0 1375 1 2.4464626 
25 Q0 1480 2 1.8534764 
25 Q0 1290 3 1.7845796 
25 Q0 46 4 1.7598729 
25 Q0 1107 5 1.7598729 
25 Q0 35 6 1.6766819 
25 Q0 484 7 1.6766819 
25 Q0 1114 8 1.6546096 
25 Q0 1316 9 1.6546096 
25 Q0 491 10 1.6379677 
25 Q0 309 11 1.5909797 
25 Q0 418 12 1.5656658 
25 Q0 1104 13 1.5656658 
25 Q0 419 14 1.531857 
25 Q0 1271 15 1.5081582 
25 Q0 417 16 1.4142742 
25 Q0 421 17 1.4142742 
25 Q0 1287 18 1.4100616 
25 Q0 1080 19 1.3579197 
25 Q0 1403 20 1.3561491 
25 Q0 394 21 1.3062074 
25 Q0 1360 22 1.3062074 
25 Q0 25 23 1.3058842 
25 Q0 33 24 1.3058842 
25 Q0 140 25 1.3058842 
25 Q0 372 26 1.3058842 
25 Q0 415 27 1.3058842 
25 Q0 1301 28 1.3058842 
25 Q0 56 29 1.2129257 
25 Q0 1351 30 1.2129257 
25 Q0 83 31 1.1762563 
25 Q0 168 32 1.1762563 
25 Q0 162 33 1.1323221 
26 Q0 316 1 2.8264084 
26 Q0 1133 2 2.5612288 
26 Q0 1026 3 2.4467812 
27 Q0 1023 1 1.7932513 
27 Q0 1259 2 1.7483892 
27 Q0 1451 3 1.7402587 
27 Q0 1277 4 1.7287629 
27 Q0 1216 5 1.7264268 
27 Q0 394 6 1.7065341 
27 Q0 335 7 1.6975279 
27 Q0 240 8 1.695957 
27 Q0 403 9 1.6882973 
27 Q0 46 10 1.6821506 
27 Q0 1193 11 1.6617699 
27 Q0 282 12 1.6568186 
27 Q0 1497 13 1.6489784 
27 Q0 1429 14 1.641882 
27 Q0 1231 15 1.6407063 
27 Q0 227 16 1.6394236 
27 Q0 1500 17 1.6335894 
27 Q0 156 18 1.6102574 
27 Q0 1244 19 1.6053185 
27 Q0 258 20 1.5897193 
27 Q0 1399 21 1.5867655 
27 Q0 1239 22 1.58424 
27 Q0 1275 23 1.5831642 
27 Q0 236 24 1.572686 
27 Q0 253 25 1.5544248 
27 Q0 1442 26 1.5487497 
27 Q0 281 27 1.54215 
27 Q0 1091 28 1.5399549 
27 Q0 1143 29 1.5356281 
27 Q0 1082 30 1.5346556 
27 Q0 1296 31 1.5340528 
27 Q0 303 32 1.5208375 
27 Q0 385 33 1.5184338 
27 Q0 255 34 1.5177993 
27 Q0 1141 35 1.5141401 
27 Q0 1240 36 1.5102907 
27 Q0 264 37 1.5034821 
27 Q0 245 38 1.4921728 
27 Q0 1270 39 1.4921728 
27 Q0 235 40 1.4687574 
27 Q0 1236 41 1.4660633 
27 Q0 246 42 1.4648204 
27 Q0 430 43 1.4625375 
27 Q0 1164 44 1.4591376 
27 Q0 232 45 1.456321 
27 Q0 1413 46 1.4562576 
27 Q0 252 47 1.4550471 
27 Q0 166 48 1.453006 
27 Q0 1251 49 1.4523218 
27 Q0 1211 50 1.4519508 
28 Q0 1064 1 1.5269927 
28 Q0 174 2 1.5262716 
28 Q0 1424 3 1.4966434 
28 Q0 218 4 1.4922872 
28 Q0 1206 5 1.4409275 
28 Q0 1328 6 1.4184874 
28 Q0 1013 7 1.4149584 
28 Q0 1436 8 1.4090171 
28 Q0 66 9 1.4043496 
28 Q0 1399 10 1.4039884 
28 Q0 498 11 1.401315 
28 Q0 179 12 1.4009426 
28 Q0 1444 13 1.3864 
28 Q0 47 14 1.3650497 
28 Q0 1463 15 1.3251793 
28 Q0 27 16 1.2672329 
28 Q0 1175 17 1.2643445 
28 Q0 1284 18 1.2532152 
28 Q0 219 19 1.2396123 
28 Q0 358 20 1.2388657 
28 Q0 273 21 1.2288004 
28 Q0 171 22 1.2214462 
28 Q0 436 23 1.2161745 
28 Q0 1375 24 1.2148504 
28 Q0 52 25 1.2147566 
28 Q0 1062 26 1.2113588 
28 Q0 422 27 1.1987377 
28 Q0 1239 28 1.1980355 
28 Q0 1124 29 1.1944255 
28 Q0 1154 30 1.1937946 
28 Q0 229 31 1.1801505 
28 Q0 444 32 1.1787546 
28 Q0 1130 33 1.1780406 
28 Q0 1447 34 1.1720141 
28 Q0 95 35 1.1648074 
28 Q0 1480 36 1.1604663 
28 Q0 68 37 1.1601009 
28 Q0 1112 38 1.1601009 
28 Q0 137 39 1.1501207 
28 Q0 175 40 1.1477145 
28 Q0 348 41 1.1366814 
28 Q0 392 42 1.1278236 
28 Q0 1251 43 1.1239803 
28 Q0 86 44 1.1215473 
28 Q0 14 45 1.1095011 
28 Q0 167 46 1.1041368 
28 Q0 324 47 1.1030759 
28 Q0 1139 48 1.102862 
28 Q0 75 49 1.0977383 
28 Q0 159 50 1.091272 
29 Q0 1023 1 1.7932513 
29 Q0 1259 2 1.7483892 
29 Q0 1451 3 1.7402587 
29 Q0 1277 4 1.7287629 
29 Q0 1216 5 1.7264268 
29 Q0 394 6 1.7065341 
29 Q0 335 7 1.6975279 
29 Q0 240 8 1.695957 
29 Q0 403 9 1.6882973 
29 Q0 46 10 1.6821506 
29 Q0 1193 11 1.6617699 
29 Q0 282 12 1.6568186 
29 Q0 1497 13 1.6489784 
29 Q0 1429 14 1.641882 
29 Q0 1231 15 1.6407063 
29 Q0 227 16 1.6394236 
29 Q0 1500 17 1.6335894 
29 Q0 156 18 1.6102574 
29 Q0 1244 19 1.6053185 
29 Q0 258 20 1.5897193 
29 Q0 1399 21 1.5867655 
29 Q0 1239 22 1.58424 
29 Q0 1275 23 1.5831642 
29 Q0 236 24 1.572686 
29 Q0 253 25 1.5544248 
29 Q0 1442 26 1.5487497 
29 Q0 281 27 1.54215 
29 Q0 1091 28 1.5399549 
29 Q0 1143 29 1.5356281 
29 Q0 1082 30 1.5346556 
29 Q0 1296 31 1.5340528 
29 Q0 303 32 1.5208375 
29 Q0 385 33 1.5184338 
29 Q0 255 34 1.5177993 
29 Q0 1141 35 1.5141401 
29 Q0 1240 36 1.5102907 
29 Q0 264 37 1.5034821 
29 Q0 245 38 1.4921728 
29 Q0 1270 39 1.4921728 
29 Q0 235 40 1.4687574 
29 Q0 1236 41 1.4660633 
29 Q0 246 42 1.4648204 
29 Q0 430 43 1.4625375 
29 Q0 1164 44 1.4591376 
29 Q0 232 45 1.456321 
29 Q0 1413 46 1.4562576 
29 Q0 252 47 1.4550471 
29 Q0 166 48 1.453006 
29 Q0 1251 49 1.4523218 
29 Q0 1211 50 1.4519508 
30 Q0 402 1 2.0526824 
30 Q0 266 2 1.9246359 
30 Q0 1097 3 1.8790197 
30 Q0 1126 4 1.7163062 
30 Q0 499 5 1.6799377 
30 Q0 220 6 1.6766819 
30 Q0 1392 7 1.6766819 
30 Q0 200 8 1.6450785 
30 Q0 1272 9 1.6450785 
30 Q0 125 10 1.6379677 
30 Q0 240 11 1.6010009 
30 Q0 317 12 1.5189997 
30 Q0 1375 13 1.4994774 
30 Q0 1351 14 1.4108707 
30 Q0 154 15 1.4100616 
30 Q0 1287 16 1.4100616 
30 Q0 1329 17 1.4100616 
30 Q0 1382 18 1.3623806 
30 Q0 203 19 1.3062074 
30 Q0 1360 20 1.3062074 
30 Q0 1412 21 1.2598133 
30 Q0 278 22 1.1385008 
30 Q0 236 23 1.1030937 
30 Q0 1398 24 1.1030937 
31 Q0 315 1 2.3470902 
31 Q0 1446 2 2.2358332 
31 Q0 402 3 2.1786516 
31 Q0 500 4 2.0422213 
31 Q0 135 5 1.9653884 
31 Q0 1330 6 1.957468 
31 Q0 1376 7 1.867873 
31 Q0 1445 8 1.822656 
31 Q0 1117 9 1.7384865 
31 Q0 1497 10 1.7384865 
31 Q0 357 11 1.6992513 
31 Q0 43 12 1.4965944 
31 Q0 1103 13 1.4965944 
31 Q0 14 14 1.2484409 
31 Q0 74 15 1.2083684 
31 Q0 84 16 1.1022304 
32 Q0 1023 1 1.7932513 
32 Q0 1259 2 1.7483892 
32 Q0 1451 3 1.7402587 
32 Q0 1277 4 1.7287629 
32 Q0 1216 5 1.7264268 
32 Q0 394 6 1.7065341 
32 Q0 335 7 1.6975279 
32 Q0 240 8 1.695957 
32 Q0 403 9 1.6882973 
32 Q0 46 10 1.6821506 
32 Q0 1193 11 1.6617699 
32 Q0 282 12 1.6568186 
32 Q0 1497 13 1.6489784 
32 Q0 1429 14 1.641882 
32 Q0 1231 15 1.6407063 
32 Q0 227 16 1.6394236 
32 Q0 1500 17 1.6335894 
32 Q0 156 18 1.6102574 
32 Q0 1244 19 1.6053185 
32 Q0 258 20 1.5897193 
32 Q0 1399 21 1.5867655 
32 Q0 1239 22 1.58424 
32 Q0 1275 23 1.5831642 
32 Q0 236 24 1.572686 
32 Q0 253 25 1.5544248 
32 Q0 1442 26 1.5487497 
32 Q0 281 27 1.54215 
32 Q0 1091 28 1.5399549 
32 Q0 1143 29 1.5356281 
32 Q0 1082 30 1.5346556 
32 Q0 1296 31 1.5340528 
32 Q0 303 32 1.5208375 
32 Q0 385 33 1.5184338 
32 Q0 255 34 1.5177993 
32 Q0 1141 35 1.5141401 
32 Q0 1240 36 1.5102907 
32 Q0 264 37 1.5034821 
32 Q0 245 38 1.4921728 
32 Q0 1270 39 1.4921728 
32 Q0 235 40 1.4687574 
32 Q0 1236 41 1.4660633 
32 Q0 246 42 1.4648204 
32 Q0 430 43 1.4625375 
32 Q0 1164 44 1.4591376 
32 Q0 232 45 1.456321 
32 Q0 1413 46 1.4562576 
32 Q0 252 47 1.4550471 
32 Q0 166 48 1.453006 
32 Q0 1251 49 1.4523218 
32 Q0 1211 50 1.4519508 
33 Q0 1469 1 1.9857025 
33 Q0 1001 2 1.878329 
33 Q0 396 3 1.8024534 
33 Q0 1464 4 1.7923213 
33 Q0 205 5 1.7773379 
33 Q0 252 6 1.7302892 
33 Q0 1015 7 1.6997722 
33 Q0 361 8 1.6759658 
33 Q0 402 9 1.670131 
33 Q0 1485 10 1.6508173 
33 Q0 49 11 1.6452302 
33 Q0 1381 12 1.6437056 
33 Q0 322 13 1.6412634 
33 Q0 1412 14 1.6297392 
33 Q0 458 15 1.628975 
33 Q0 232 16 1.6040149 
33 Q0 295 17 1.5683217 
33 Q0 58 18 1.5649118 
33 Q0 360 19 1.564799 
33 Q0 331 20 1.5559547 
33 Q0 1392 21 1.5452983 
33 Q0 455 22 1.5379567 
33 Q0 381 23 1.5228899 
33 Q0 1065 24 1.5117435 
33 Q0 365 25 1.5076803 
33 Q0 334 26 1.4942925 
33 Q0 1072 27 1.4898984 
33 Q0 1228 28 1.4575679 
33 Q0 288 29 1.4513513 
33 Q0 169 30 1.4340217 
33 Q0 1176 31 1.4283847 
33 Q0 1034 32 1.4157159 
33 Q0 475 33 1.4039427 
33 Q0 203 34 1.3987404 
33 Q0 1378 35 1.3956349 
33 Q0 473 36 1.3922422 
33 Q0 1007 37 1.3351786 
33 Q0 1092 38 1.3195645 
33 Q0 285 39 1.31379 
33 Q0 36 40 1.312592 
33 Q0 1376 41 1.30134 
33 Q0 1307 42 1.3001322 
33 Q0 304 43 1.2942736 
33 Q0 1100 44 1.2773141 
33 Q0 427 45 1.2735066 
33 Q0 6 46 1.2554377 
33 Q0 181 47 1.2554377 
33 Q0 1082 48 1.2554377 
33 Q0 122 49 1.2539203 
33 Q0 1332 50 1.2539203 
34 Q0 108 1 4.062654 
34 Q0 45 2 3.590778 
34 Q0 178 3 2.7673903 
34 Q0 187 4 1.827722 
34 Q0 383 5 1.7140667 
34 Q0 167 6 1.7022051 
34 Q0 203 7 1.6300503 
34 Q0 130 8 1.6123242 
34 Q0 1032 9 1.5674964 
34 Q0 312 10 1.5241594 
34 Q0 1355 11 1.523226 
34 Q0 151 12 1.5031796 
34 Q0 278 13 1.5031796 
34 Q0 213 14 1.5026579 
34 Q0 181 15 1.5024692 
34 Q0 401 16 1.4822704 
34 Q0 1149 17 1.4689833 
34 Q0 1021 18 1.4382163 
34 Q0 1101 19 1.4248062 
34 Q0 1081 20 1.3723882 
34 Q0 1015 21 1.345614 
34 Q0 163 22 1.338333 
34 Q0 1147 23 1.338333 
34 Q0 219 24 1.3270404 
34 Q0 195 25 1.306613 
34 Q0 267 26 1.2937056 
34 Q0 294 27 1.2776583 
34 Q0 1060 28 1.2776583 
34 Q0 1328 29 1.2478068 
34 Q0 119 30 1.2474797 
34 Q0 264 31 1.2198757 
34 Q0 38 32 1.217262 
34 Q0 388 33 1.1891557 
34 Q0 1438 34 1.1681774 
34 Q0 1086 35 1.1623181 
34 Q0 200 36 1.1439375 
34 Q0 493 37 1.1439375 
34 Q0 150 38 1.1366651 
34 Q0 218 39 1.1366651 
34 Q0 304 40 1.1366651 
34 Q0 1378 41 1.1366651 
34 Q0 438 42 1.11212 
34 Q0 123 43 1.0886126 
34 Q0 340 44 1.0660782 
34 Q0 372 45 1.0562661 
34 Q0 1225 46 1.0562661 
34 Q0 1387 47 1.0562661 
34 Q0 66 48 1.0236971 
34 Q0 110 49 1.0236971 
34 Q0 154 50 1.0236971 
35 Q0 438 1 2.3292139 
35 Q0 51 2 2.144022 
